0.99998194 -0.00301088 0.00519821 -0.00001866
0.00300780 0.99999529 0.00060133 -0.00020199
-0.00519999 -0.00058568 0.99998629 -0.00093440
0.00000000 0.00000000 0.00000000 1.00000000
