0.99998230 -0.00296537 0.00516048 -0.00002717
0.00296228 0.99999541 0.00060572 -0.00020664
-0.00516225 -0.00059043 0.99998653 -0.00094651
0.00000000 0.00000000 0.00000000 1.00000000
